%YAML:1.0
---
intrinsic: !!opencv-matrix
   rows: 3
   cols: 3
   dt: d
   data: [ 1.3722721310079116e+03, 0., 9.4810449642165111e+02, 0.,
       1.3721935635087737e+03, 5.3134000781036514e+02, 0., 0., 1. ]
Camera2Gripper: !!opencv-matrix
   rows: 4
   cols: 4
   dt: d
   data: [ 9.9998398467005045e-01, -4.4164978647630530e-03,
       3.5390606124970528e-03, -3.6593167576842262e+01,
       3.2983262984848261e-03, 9.6293529906772957e-01,
       2.6971231127438589e-01, -1.1411097836314258e+02,
       -4.5990702361573040e-03, -2.6969631876603928e-01,
       9.6293444439224940e-01, 1.6872953975337379e+02, 0., 0., 0., 1. ]
distortion: !!opencv-matrix
   rows: 1
   cols: 5
   dt: d
   data: [ 1.0442245560028972e-01, -7.8932616690817400e-02,
       4.2404263401434771e-04, 1.3460482031967401e-03,
       -3.8416102239678607e-01 ]
