%YAML:1.0
---
intrinsic: !!opencv-matrix
   rows: 3
   cols: 3
   dt: d
   data: [ 1.3683209255579416e+03, 0., 9.7583188482439698e+02, 0.,
       1.3680734513405055e+03, 5.5072054790432185e+02, 0., 0., 1. ]
Camera2Gripper: !!opencv-matrix
   rows: 4
   cols: 4
   dt: d
   data: [ 9.9986790388449531e-01, -1.3992612595889367e-02,
       -8.2693152296470854e-03, -1.3272961781623174e+00,
       1.5683135009514713e-02, 9.6417519156037379e-01,
       2.6480226444611471e-01, -1.1865696706852559e+02,
       4.2677930947093634e-03, -2.6489697388278732e-01,
       9.6426727579537963e-01, 1.7473191894056626e+02, 0., 0., 0., 1. ]
distortion: !!opencv-matrix
   rows: 1
   cols: 5
   dt: d
   data: [ 1.5897158744347240e-01, -4.3721405404245822e-01,
       -2.4207538601232468e-03, -6.7053375639770083e-04,
       2.9758032126459244e-01 ]
