%YAML:1.0
---
intrinsic: !!opencv-matrix
   rows: 3
   cols: 3
   dt: d
   data: [ 1.3627050023878598e+03, 0., 9.4372210686652727e+02, 0.,
       1.3621470610938300e+03, 5.6748484469028722e+02, 0., 0., 1. ]
Camera2Gripper: !!opencv-matrix
   rows: 4
   cols: 4
   dt: d
   data: [ -7.8738119723011923e-03, -9.9979954650879965e-01,
       1.8408418884396253e-02, 1.0690322423489840e+02,
       9.9996852172052964e-01, -7.8904988573287316e-03,
       -8.3402388519036516e-04, 2.4439734688808556e+00,
       9.7910831036339407e-04, 1.8401272471789607e-02,
       9.9983020284363056e-01, -7.9249299664797775e+01, 0., 0., 0., 1. ]
